2.4565.7568.46810.22811.856
12.8213.7614.80815.72816.968
17.98418.98419.96820.90821.844
22.79623.7824.7425.71226.716
27.72828.69229.66830.6631.652
32.56433.49234.17634.43635.36
36.19236.61237.03637.89638.7
39.50840.35941.29942.20343.123
44.08744.98345.81546.65547.535
48.49949.39550.31951.32752.367
53.34754.34755.37156.22757.399
58.05158.37158.67958.99159.363
59.78360.07560.36761.31962.299
63.33164.39565.39966.42367.443
68.42769.35170.29571.27572.275
73.22374.19575.19576.23577.139
78.04378.67578.95979.39979.649
80.37380.68581.42982.60983.565
84.49785.48985.80986.08186.433
86.93389.12590.09791.03791.957
92.79793.08594.52596.29398.193
99.197100.217101.213102.193103.101
104.213105.201106.156107.148108.176
109.204110.208111.252112.028112.336
113.38114.32115.264116.224117.208
118.172119.128120.14121.188122.188
123.2124.236125.272126.252127.024
127.274128.19129.106129.994130.914
131.878132.846133.146133.396133.872
134.136134.5135.28135.53137.066
138.186138.762140.354140.606141.15
141.734142.706143.67144.162144.634
145.13145.606146.474147.546148.51
149.122149.506149.882150.132150.388
150.716150.966151.59151.84153.572
154.504155.408156.304157.184158.016
158.912159.904160.944161.968163.004
164.044165.048165.996166.968167.96
168.932169.86170.891171.935172.951
173.955174.971175.999176.967177.911
178.895179.899180.871181.847182.859
183.875184.815185.779186.775187.787
188.735189.675190.623191.567192.475
193.443194.439195.391196.347197.299
198.199198.511199.039199.947200.931
201.939202.939203.975205.027206.031
207.027208.055209.107210.107211.095
212.103213.143214.131215.155216.223
217.303218.287219.275220.255221.259
222.219223.199224.239225.235226.215
227.239228.263229.247230.203231.247
232.319233.327234.355235.387236.426
237.37238.322239.29240.226241.122
242.03243.034244.006244.934245.894
246.91247.93248.886249.842250.59
251.082251.406251.666251.99252.558
252.808253.888254.138254.846255.902
256.152257.052257.596258.632259.376
260.644261.6262.32262.744263.14
263.512264.328265.284266.276267.312
267.932268.388268.68269.404270.072
270.376270.912272.46272.71273.622
276.874278.678280.534282.238283.138
284.078284.75285.05285.554285.846
286.594286.946287.226287.518287.902
288.294288.546288.882289.132289.382
289.658289.908290.196290.616290.876
291.126291.376292.588293.876294.728
296.856297.812298.768299.78300.812
301.8302.783303.795304.811305.771
306.727307.719308.727309.679310.647
311.655312.691313.259313.591314.455
315.307316.203317.075317.983318.979
319.987320.939321.895322.899323.915
324.871325.843326.855327.851328.851
329.399329.815330.363331.507332.271
333.039333.791334.535335.327336.239
337.151338.083339.043340.019340.943
341.851342.775343.731344.663345.603
346.607347.651348.611349.619350.643
351.647352.567353.519354.463355.339
356.283357.283358.295359.263360.267
361.283362.259363.187364.139365.067
365.963366.879367.862368.854369.762
370.67371.606372.518373.446374.41
375.39376.322377.254378.214379.194
380.158381.078382.086383.098384.082
385.054386.05387.05388.01388.958
389.954390.962391.922392.886393.874
394.87395.81396.782397.774398.738
399.646400.594401.618402.598403.554
404.566405.562406.526407.438408.358
409.258410.142411.014411.97412.978
413.954414.87415.806416.758417.654
418.586419.554420.514421.394422.358
423.31424.246425.154426.106427.102
428.07429.038430.022431.006431.934
432.886433.857434.805435.665436.541
437.457438.333439.225440.193441.181
442.133443.021443.917444.745445.577
446.361447.105447.853448.685449.629
450.597451.553452.549453.537454.501
455.413456.353457.309458.261459.193
460.177461.225462.237463.209464.217
465.225466.169467.077467.989468.893
469.733470.489470.749470.999471.339
471.599473.255474.031475.171475.447
476.779477.595478.375479.183480.083
481.039482.035483.011483.983484.939
485.871486.803487.743488.703489.675
490.635491.635492.643493.619494.579
495.543496.491497.395498.299499.238
500.198501.11502.062503.038503.99
504.898505.838506.818507.778508.69
509.642510.61511.538512.402513.286
514.182515.062515.954516.898517.862
518.798519.754520.714521.578522.422
523.322524.222525.114526.058527.074
528.078529.062530.046531.026531.966
532.922533.914534.934535.926536.95
538.046539.126540.162541.178542.178
543.066543.958544.806545.056545.306
546.606548.31550.262551.218552.15
553.106554.066555.002555.926556.878
557.854558.69559.514560.302561.102
562.006562.906563.854564.857565.845
566.769567.689568.573569.389570.177
571.001571.917572.869573.817574.821
575.825576.793577.701578.601579.505
580.381581.253582.165583.093584.005
584.921585.873586.781587.661588.545
589.465590.325591.129591.925592.749
593.625594.497595.385596.301597.241
598.149599.029599.889600.685601.329
601.579602.515603.491604.443605.391
606.383607.383608.331609.267610.215
611.187612.071612.967613.947614.967
615.923616.787617.039617.383617.803
618.671619.223619.619620.527621.399
622.131622.383623.103623.379623.979
624.595625.147626.071626.739626.989
627.777628.073628.323628.635628.895
629.622629.872630.784631.364631.636
631.972632.432632.682632.97633.73
634.65635.262635.598636.486636.814
638.15638.958639.75640.598641.522
642.45643.378644.338645.294646.21
647.106648.038649.034649.978650.938
651.942652.922653.862654.854655.862
656.826657.778658.758659.73660.642
661.566662.546663.538664.478665.446
666.458667.462668.386669.346670.238
671.15672.05672.986673.938674.834
675.754676.718677.682678.562679.422
680.33681.258682.186683.17684.166
685.118686.054687.002687.942688.846
689.766690.746691.758692.726693.714
694.698695.633696.529697.469698.429
699.361700.273701.217702.185703.125
704.025704.893705.705706.533707.373
708.277709.181709.945710.525710.905
711.253711.761712.557713.385714.273
715.169716.057717.025717.989718.937
719.873720.829721.797722.729722.985
723.633724.553725.465726.345727.273
728.233729.205730.113731.033731.993
732.961733.901734.841735.797736.741
737.649738.569739.525740.469741.321
742.249743.225744.133745.021745.941
746.893747.841748.777749.733750.725
751.681752.557753.433754.333755.205
756.113757.053758.017758.941759.873
760.816761.736762.612763.496764.404
765.284766.2767.156768.112769.084
770.08771.072772.04772.96773.904
774.856775.432775.72776.528777.38
778.148778.9779.628780.368781.184
782.004782.88783.824784.78785.684
786.584787.476788.38789.252790.164
791.14792.144793.108794.1795.12
795.772796.022796.438796.934797.786
798.622799.43800.126800.506801.074
801.546802.69803.518804.382805.206
806.038806.926807.834808.702809.614
810.558811.502812.398813.318814.238
815.134816.018816.954817.938818.882
819.818820.742821.654822.518823.434
824.35825.258826.141827.057828.001
828.949829.873830.837831.817832.793
833.765834.737835.605836.421837.273
838.193839.093839.989840.953841.929
842.877843.829844.817845.805846.733
847.689848.661849.657850.621851.601
852.605853.545854.493855.457856.429
857.369858.297859.273860.253861.197
862.193863.237864.213865.157866.125
867.085868.025868.921869.857870.829
871.801872.705873.653874.661875.597
876.569877.525878.345879.177880.049
880.933881.793882.705883.661884.521
885.337886.121887.009888.005888.997
889.937890.897891.8892.644893.456
894.276895.1896896.888897.876
898.872899.812900.748901.716902.696
903.608904.528905.46906.4907.272
908.164909.12910.112911.084912.076
913.04913.956914.8915.684916.648
917.584918.496919.44920.404921.34
922.224923.104923.98924.856925.788
926.76927.716928.652929.632930.608
931.54932.456933.432934.388935.308
936.272937.28938.292939.244940.204
941.18942.16943.016943.892944.804
945.744946.66947.6948.576949.536
950.456951.384952.292953.152953.98
954.868955.832956.764957.687958.579
959.387960.203961.043961.907962.735
963.635964.583965.535966.455967.391
968.335969.255970.207971.187972.103
972.999973.891974.875975.887976.899
977.879978.891979.931980.181980.445
980.721981.997982.309982.559984.471
986.279987.275988.255989.219990.195
991.191992.111992.975993.807994.599
995.255995.505995.841996.091996.367
997.303998.035999.1111000.0431000.951
1001.8911002.8591003.8151004.7191005.639
1006.5671007.4711008.3871009.3591010.327
1011.2431011.4951012.1431013.0551013.919
1014.8031015.7191016.6191017.4591018.303
1019.1391019.9391020.7071021.4471022.247
1023.2141024.1341025.0781026.0341026.986
1027.9061028.8021029.7181030.671031.582
1032.511033.4741034.471035.3781036.33
1037.3141038.2221039.0581039.9181040.83
1041.7461042.6021043.5141044.4781045.43
1046.3461047.2941048.191049.0181049.882
1050.7621051.2861051.611052.671053.61
1054.4941054.9861055.3741055.7381056.41
1056.7461057.0261057.2761057.8481058.098
1058.651059.0341059.2941063.3861064.222
1064.4721064.8641065.4841065.7361066.012
1070.141073.7361076.4921077.2841079.208
1080.1121081.0481081.91082.7121083.54
1084.3921085.2321086.1441087.081088.048
1088.9791089.9191090.8751091.8111092.707
1093.6351094.5711095.4951096.3751097.287
1098.2191099.1511100.0431100.9631101.859
1102.7511103.6191104.5271105.4631106.383
1107.2231108.0471108.8191109.5991110.439
1111.3711112.3151113.2311114.1671115.119
1116.0751116.9991117.9431118.8951119.819
1120.6911121.5791122.5071123.4391124.359
1125.3191126.2711126.9511127.9391128.767
1129.6391130.4831131.3031132.1311132.967
1133.8071134.6591135.5671136.4951137.399
1138.2551139.1191140.0111140.9311141.803
1142.7111143.6751144.6791145.6191146.587
1147.5711148.4991149.3191150.1191150.939
1151.8191152.7151153.5751154.471155.37
1156.2341157.1381158.0821159.0341159.946
1160.351160.6741161.6541162.5581163.414
1164.1861164.971165.8141166.6981167.594
1168.5381169.4821170.3421171.2261172.118
1172.9941173.8421174.7221175.6381176.558
1177.4741178.4421179.431180.4261181.366
1182.3061183.2021184.0661184.8941185.75
1186.6861187.6221188.5141189.451190.406
1191.3341192.211193.0781193.9741194.858
1195.7381196.6861197.6661198.591199.55
1200.5181201.4821202.2941203.2541204.058
1204.8061205.551206.271206.9981207.818
1208.6781209.6221210.5941211.5221212.446
1213.3541214.2541215.1141215.9781216.906
1217.4581217.7081219.6871220.3191221.079
1223.2191224.1271225.0871226.0791227.023
1227.9511228.8871229.8271230.7191231.603
1232.5311233.5111234.4511235.3791236.359
1237.2871237.5991237.8591238.9951239.779
1240.6111241.5391242.4711243.3791244.319
1245.2831246.2191247.1631248.119
